                                                                                                           1111111111111111111111111111111111111111110000000000000000000000000000000000000000000000000000000000000000000000000000000000000000000000000000000000
                                                                                                            111111111111111111111111111111111111111100000000000000000000000000000000000000000000000000000000000000000000000000000000000000000000000000000000000
                                                                                                     1111111111111111111111111111111111111111111111111111110000000000000000000000000000000000000000000000000000000000000000000000000000000000000000000000000000
                                                                                                  1111111111111111111111111111111111111111111111111111111111110000000000000000000000000000000000000000000000000000000000000000000000000000000000000000000000000
                                                                                              11111111111111111111111111111111111111111111111111111111111111111111000000000000000000000000000000000000000000000000000000000000000000000000000000000000000000000
                                                                                          111111111111111111111111111111111111111111111111111111111111111111111111111100000000000000000000000000000000000000000000000000000000000000000000000000000000000000000
                                                                                       111111111111111111111111111111111111111111111111111111111111111111111111111111111100000000000000000000000000000000000000000000000000000000000000000000000000000000000000
                                                                                    111111111111111111111111111111111111111111111111111111111111111111111111111111111111111100000000000000000000000000000000000000000000000000000000000000000000000000000000000
                                                                                  11111111111111111111111111111111111111111111111111111111111111111111111111111111111111111111100000000000000000000000000000000000000000000000000000000000000000000000000000000
                                                                               11111111111111111111111111111111111111111111111111111111111111111111111111111111111111111111111111000000000000000000000000000000000000000000000000000000000000000000000000000000
                                                                            11111111111111111111111111111111111111111111111111111111111111111111111111111111111111111111111111111111000000000000000000000000000000000000000000000000000000000000000000000000000
                                                                           111111111111111111111111111111111111111111111111111111111111111111111111111111111111111111111111111111111100000000000000000000000000000000000000000000000000000000000000000000000000
                                                                         11111111111111111111111111111111111111111111111111111111111111111111111111111111111111111111111111111111111111000000000000000000000000000000000000000000000000000000000000000000000000
                                                                      111111111111111111111111111111111111111111111111                    111111111111111111111111111111111111111111111111000000000000000000000000000000000000000000000000000000000000000000000
                                                                    111111111111111111111111111111111111111111                                    1111111111111111111111111111111111111111110000000000000000000000000000000000000000000000000000000000000000000
                                                                  11111111111111111111111111111111111111                                                1111111111111111111111111111111111111100000000000000000000000000000000000000000000000000000000000000000
                                                                 11111111111111111111111111111111111                                                        111111111111111111111111111111111110000000000000000000000000000000000000000000000000000000000000000
                                                               111111111111111111111111111111111                                                                11111111111111111111111111111111100000000000000000000000000000000000000000000000000000000000000
                                                             11111111111111111111111111111111                                                                      11111111111111111111111111111111000000000000000000000000000000000000000000000000000000000000
                                                            111111111111111111111111111111                                                                            11111111111111111111111111111100000000000000000000000000000000000000000000000000000000000
                                                          111111111111111111111111111111                                                                                111111111111111111111111111111000000000000000000000000000000000000000000000000000000000
                                                         1111111111111111111111111111                                                                                      111111111111111111111111111100000000000000000000000000000000000000000000000000000000
                                                       1111111111111111111111111111                                                                                          1111111111111111111111111111000000000000000000000000000000000000000000000000000000
                                                      11111111111111111111111111                                                                                                1111111111111111111111111100000000000000000000000000000000000000000000000000000
                                                     1111111111111111111111111                                                                                                    11111111111111111111111110000000000000000000000000000000000000000000000000000
                                                   1111111111111111111111111                                                                                                        111111111111111111111111100000000000000000000000000000000000000000000000000
                                                  111111111111111111111111                                                                                                            1111111111111111111111110000000000000000000000000000000000000000000000000
                                                111111111111111111111111                                                                                                                11111111111111111111111100000000000000000000000000000000000000000000000
                                               111111111111111111111111                                                                                                                  1111111111111111111111110000000000000000000000000000000000000000000000
                                              11111111111111111111111                                                                                                                      11111111111111111111111000000000000000000000000000000000000000000000
                                             1111111111111111111111                                                                                                                          111111111111111111111100000000000000000000000000000000000000000000
                                            1111111111111111111111                                                                                                                            11111111111111111111110000000000000000000000000000000000000000000
                                           111111111111111111111                                                                                                                                111111111111111111111000000000000000000000000000000000000000000
                                          111111111111111111111                                                                                                                                  11111111111111111111110000000000000000000000000000000000000000
                                        111111111111111111111                                                                                                                                      111111111111111111111000000000000000000000000000000000000000
                                       111111111111111111111                                                                                                                                        11111111111111111111100000000000000000000000000000000000000
                                      111111111111111111111                                                                                                                                          1111111111111111111110000000000000000000000000000000000000
                                     11111111111111111111                                                                                                                                              11111111111111111111000000000000000000000000000000000000
                                    11111111111111111111                                                                                                                                                1111111111111111111100000000000000000000000000000000000
                                   11111111111111111111                                                                                                                                                  111111111111111111110000000000000000000000000000000000
                                  11111111111111111111                                                                                                                                                    11111111111111111111000000000000000000000000000000000
                                 11111111111111111111                                                                                                                                                       111111111111111111100000000000000000000000000000000
                                 111111111111111111                                                                                                                                                          11111111111111111100000000000000000000000000000000
                                111111111111111111                                                                                                                                                            1111111111111111110000000000000000000000000000000
                               111111111111111111                                                                                                                                                              111111111111111111000000000000000000000000000000
                              111111111111111111                                                                                                                                                                11111111111111111100000000000000000000000000000
                             111111111111111111                                                                                                                                                                  1111111111111111110000000000000000000000000000
                            111111111111111111                                                                                                                                                                    111111111111111111000000000000000000000000000
                           111111111111111111                                                                                                                                                                      11111111111111111100000000000000000000000000
                           11111111111111111                                                                                                                                                                        1111111111111111100000000000000000000000000
                          11111111111111111                                                                                                                                                                          111111111111111110000000000000000000000000
                         11111111111111111                                                                                                                                                                            11111111111111111000000000000000000000000
                         1111111111111111                                                                                                                                                                              1111111111111111100000000000000000000000
                        11111111111111111                                                                                                                                                                              1111111111111111100000000000000000000000
                       11111111111111111                                                                                                                                                                                111111111111111110000000000000000000000
                      11111111111111111                                                                                                                                                                                  11111111111111111000000000000000000000
                      1111111111111111                                                                                                                                                                                    1111111111111111000000000000000000000
                     1111111111111111                                                                                                                                                                                      111111111111111100000000000000000000
                    11111111111111111                                                                                                                                                                                      111111111111111110000000000000000000
                    1111111111111111                                                                                                                                                                                        11111111111111110000000000000000000
                   1111111111111111                                                                                                                                                                                          1111111111111111000000000000000000
                  1111111111111111                                                                                                                                                                                            111111111111111100000000000000000
                  1111111111111111                1111                                                                                                                                                   111                  111111111111111100000000000000000
                 1111111111111111               1111111                                                                                                                                                1111111                 11111111111111110000000000000000
                 111111111111111                11111111                                                                                                                                              111111111                 1111111111111110000000000000000
                1111111111111111               1111111111                                                                                                                                             111111111                 1111111111111111000000000000000
               1111111111111111                1111111111                                                                                                                                            1111111111                  111111111111111100000000000000
               111111111111111                 1111111111                                                                                                                                            1111111111                   11111111111111100000000000000
              1111111111111111                 1111111111                                                                                                                                            1111111111                   11111111111111110000000000000
              111111111111111                  11111111111                                                                                                                                           1111111111                    1111111111111110000000000000
             1111111111111111                  11111111111                                                                                                                                          11111111111                    1111111111111111000000000000
             111111111111111                    1111111111                                                                                                                                          11111111111                     111111111111111000000000000
            111111111111111                     11111111111                                                                                                                                        11111111111                       11111111111111100000000000
            111111111111111                     111111111111                                                                                                                                       11111111111                       11111111111111100000000000
           111111111111111                       11111111111                                                                                                                                      11111111111                         1111111111111110000000000
           111111111111111                       111111111111                                                                                                                                    111111111111                         1111111111111110000000000
           11111111111111                         111111111111                                                                                                                                  1111111111111                          111111111111110000000000
          111111111111111                         1111111111111                                                                                                                                 111111111111                           111111111111111000000000
          11111111111111                           1111111111111                                                                                                                              11111111111111                            11111111111111000000000
         111111111111111                            1111111111111                                                                                                                            11111111111111                             11111111111111100000000
         11111111111111                             11111111111111                                                                                                                          11111111111111                               1111111111111100000000
        111111111111111                              111111111111111                                                                                                                       11111111111111                                1111111111111100000000
        111111111111111                               111111111111111                                                                                                                    1111111111111111                                1111111111111110000000
        11111111111111                                 111111111111111                                                                                                                  1111111111111111                                  111111111111110000000
       111111111111111                                  1111111111111111                                                                                                               1111111111111111                                   111111111111111000000
       11111111111111                                   111111111111111111                                                                                                           11111111111111111                                     11111111111111000000
       11111111111111                                    111111111111111111                                                                                                        111111111111111111                                      11111111111111000000
      111111111111111                                      111111111111111111                                                                                                    1111111111111111111                                       11111111111111100000
      11111111111111                                        1111111111111111111                                                                                                 111111111111111111                                          1111111111111100000
      11111111111111                                         11111111111111111111                                                                                             11111111111111111111                                          1111111111111100000
     11111111111111                                           111111111111111111111                                                                                        111111111111111111111                                             111111111111110000
     11111111111111                                             111111111111111111111                                                                                    111111111111111111111                                               111111111111110000
     11111111111111                                              1111111111111111111111                                                                                1111111111111111111111                                                111111111111110000
     1111111111111                                                 11111111111111111111111                                                                           1111111111111111111111                                                   11111111111110000
    11111111111111                                                   11111111111111111111111                                                                      111111111111111111111111                                                    11111111111111000
    11111111111111                                                    111111111111111111111111                                                                  111111111111111111111111                                                      11111111111111000
    1111111111111                                                       1111111111111111111111111                                                            1111111111111111111111111                                                         1111111111111000
    1111111111111                                                         11111111111111111111111111                                                      11111111111111111111111111                                                           1111111111111000
   11111111111111                                                         11111111111111111111111111111                                                11111111111111111111111111111                                                           1111111111111100
   11111111111111                                                        111111111111111111111111111111111                                          111111111111111111111111111111111                                                          1111111111111100
   11111111111111                                                        1111111111111111111111111111111111111                                  11111111111111111111111111111111111111                                                          111111111111100
  11111111111111                                                        1111111111111111111111111111111111111111                              11111111111111111111111111111111111111111                                                         111111111111110
  11111111111111                                                       111111111111111111111111111111111111111111                            111111111111111111111111111111111111111111                                                         111111111111110
  11111111111111                                                       1111111111111111111111111111111111111111111                           1111111111111111111111111111111111111111111                                                        111111111111110
  1111111111111                                                       11111111111111111111111111111111111111111111                          11111111111111111111111111111111111111111111                                                         11111111111110
  1111111111111                                                       111111111111111111111 1111111111111111111111                          1111111111111111111111 1111111111111111111111                                                        11111111111110
  1111111111111                                                      1111111111111111111111    1111111111111111111                          11111111111111111111   1111111111111111111111                                                        11111111111110
1 1111111111111                                                      11111111111111111111111      1111111111111111                           111111111111111       1111111111111111111111                                                        11111111111110
111111111111111                                                      11111111111111111111111            111111111                            111111111            111111111111111111111111                                                       11111111111111
111111111111111                                                      11111111111111111111111                  11                              11                  111111111111111111111111                                                       11111111111111
11111111111111                                                      1111111111111111111111111                                                                     111111111111111111111111                                                        1111111111111
11111111111111                                                      1111111111111111111111111                                                                    1111111111111111111111111                                                        1111111111111
11111111111111                                                      1111111111111111111111111                                                                    11111111111111111111111111                                                       1111111111111
11111111111111                                                      1111111111111111111111111                                                                    11111111111111111111111111                                                       1111111111111
11111111111111                                                     11111111111111111111111111                                                                    11111111111111111111111111                                                       1111111111111
11111111111111                                                     111111111111111111111111111                                                                   11111111111111111111111111                                                       1111111111111
11111111111111                                                     111111111111111111111111111                                                                   11111111111111111111111111                                                       1111111111111
11111111111111                                                     111111111111111111111111111                                                                   11111111111111111111111111                                                       1111111111111
1111111111111                                                      111111111111111111111111111                                                                   11111111111111111111111111                                                        111111111111
1111111111111                                                      111111111111111111111111111                                                                  111111111111111111111111111                                                        111111111111
1111111111111                                                      111111111111111111111111111                                                                  111111111111111111111111111                                                        111111111111
1111111111111                                                      111111111111111111111111111                                                                  111111111111111111111111111                                                        111111111111
1111111111111                                                      111111111111111111111111111                                                                  111111111111111111111111111                                                        111111111111
1111111111111                                                      111111111111111111111111111                                                                  111111111111111111111111111                                                        111111111111
1111111111111                                                      111111111111111111111111111                                                                  111111111111111111111111111                                                        111111111111
1111111111111                                                      111111111111111111111111111                                                                  111111111111111111111111111                                                        111111111111
1111111111111                                                      111111111111111111111111111                                                                   11111111111111111111111111                                                        111111111111
1111111111111                                                      111111111111111111111111111                                                                   11111111111111111111111111                                                        111111111111
1111111111111                                                       1111111111111111111111111                                                                    11111111111111111111111111                                                        111111111111
1111111111111                                                       1111111111111111111111111                                                                    11111111111111111111111111                                                        111111111111
1111111111111                                                       1111111111111111111111111                                                                    11111111111111111111111111                                                        111111111111
1111111111111                                                       1111111111111111111111111                                                                    1111111111111111111111111                                                         111111111111
1111111111111                                                       1111111111111111111111111                                                                     111111111111111111111111                                                         111111111111
1111111111111                                                        11111111111111111111111                                                                      111111111111111111111111                                                         111111111111
1111111111111                                                        11111111111111111111111                                                                      11111111111111111111111                                                          111111111111
1111111111111                                                        11111111111111111111111                                                                      11111111111111111111111                                                          111111111111
1111111111111                                                         111111111111111111111                                                                        1111111111111111111111                                                          111111111111
1111111111111                                                         111111111111111111111                                                                        111111111111111111111                                                           111111111111
11111111111111                                                        111111111111111111111                                                                         11111111111111111111                                                          1111111111111
11111111111111                                                         1111111111111111111                                                                          1111111111111111111                                                           1111111111111
11111111111111                                                         1111111111111111111                                                                           111111111111111111                                                           1111111111111
11111111111111                                                          11111111111111111                                                                            11111111111111111                                                            1111111111111
11111111111111                                                           111111111111111                                                                              1111111111111111                                                            1111111111111
11111111111111                                                           111111111111111                                                                               11111111111111                                                             1111111111111
11111111111111                                                            1111111111111                                                                                 111111111111                                                              1111111111111
11111111111111                                                              111111111                                                                                    1111111111                                                               1111111111111
111111111111111                                                              1111111                                                                                       111111                                                                11111111111111
111111111111111                                                                                                                                                                                                                                  11111111111111
1 1111111111111                                                                                                                                                                                                                                  1111111111111 
  1111111111111                                                                                                                                                                                                                                  1111111111111 
  1111111111111                                                                                                                                                                                                                                  1111111111111 
  1111111111111                                                                                                                                                                                                                                  1111111111111 
  11111111111111                                                                                                                                                                                                                                11111111111111 
  11111111111111                                                                                                                                                                                                                                11111111111111 
  11111111111111                                                                                                                                                                                                                                11111111111111 
   11111111111111                                                                                                                                                                                                                              11111111111111  
   11111111111111                                                                                                                                                                                                                              11111111111111  
   11111111111111                                                                                                                                                                                                                              11111111111111  
    1111111111111                                                                                                                                                                                                                              1111111111111   
    1111111111111                                                                                                                                                                                                                              1111111111111   
    11111111111111                                                                                                                                                                                                                            11111111111111   
    11111111111111                                                                                                                                                                                                                            11111111111111   
     1111111111111                                                                                                      1111111111111111                                                                                                      1111111111111    
     11111111111111                                                                                                11111111111111111111111111                                                                                                11111111111111    
     11111111111111                                                                                             11111111111111111111111111111111                                                                                             11111111111111    
     11111111111111                                                                                         1111111111111111111111111111111111111111                                                                                         11111111111111    
      11111111111111                                                                                     1111111111111111111111111111111111111111111111                                                                                     11111111111111     
      11111111111111                                                                                    111111111111111111111111111111111111111111111111                                                                                    11111111111111     
      111111111111111                                                                                 1111111111111111111111111111111111111111111111111111                                                                                 111111111111111     
       11111111111111                                                                               11111111111111111111111111111111111111111111111111111111                                                                               11111111111111      
       11111111111111                                                                             111111111111111111111111111111111111111111111111111111111111                                                                             11111111111111      
       111111111111111                                                                          1111111111111111111111111111111111111111111111111111111111111111                                                                          111111111111111      
        11111111111111                                                                         111111111111111111111111111            111111111111111111111111111                                                                         11111111111111       
        111111111111111                                                                       1111111111111111111111                        1111111111111111111111                                                                       111111111111111       
         11111111111111                                                                     111111111111111111111                              111111111111111111111                                                                     111111111111111       
         11111111111111                                                                    1111111111111111111                                    1111111111111111111                                                                    11111111111111        
         111111111111111                                                                  111111111111111111                                        111111111111111111                                                                  111111111111111        
          11111111111111                                                                 11111111111111111                                            11111111111111111                                                                 11111111111111         
          111111111111111                                                               1111111111111111                                                1111111111111111                                                               111111111111111         
           11111111111111                                                              111111111111111                                                    111111111111111                                                              11111111111111          
           111111111111111                                                            111111111111111                                                      111111111111111                                                            111111111111111          
           111111111111111                                                           111111111111111                                                        111111111111111                                                           111111111111111          
            111111111111111                                                         111111111111111                                                          111111111111111                                                         111111111111111           
            111111111111111                                                         1111111111111                                                              11111111111111                                                        111111111111111           
             111111111111111                                                       1111111111111                                                                1111111111111                                                       111111111111111            
             1111111111111111                                                     1111111111111                                                                  1111111111111                                                     1111111111111111            
              111111111111111                                                    1111111111111                                                                    1111111111111                                                    111111111111111             
              1111111111111111                                                   111111111111                                                                      111111111111                                                   1111111111111111             
               111111111111111                                                  111111111111                                                                        111111111111                                                  111111111111111              
               1111111111111111                                                 111111111111                                                                        111111111111                                                 1111111111111111              
                1111111111111111                                               111111111111                                                                          111111111111                                               1111111111111111               
                 111111111111111                                               11111111111                                                                            11111111111                                               111111111111111                
                 1111111111111111                                             111111111111                                                                            111111111111                                             1111111111111111                
                  1111111111111111                                            11111111111                                                                              11111111111                                            1111111111111111                 
                  1111111111111111                                           111111111111                                                                              111111111111                                           1111111111111111                 
                   1111111111111111                                          11111111111                                                                                11111111111                                          1111111111111111                  
                    1111111111111111                                        11111111111                                                                                  11111111111                                        1111111111111111                   
                    11111111111111111                                       11111111111                                                                                  11111111111                                       11111111111111111                   
                     1111111111111111                                       11111111111                                                                                  11111111111                                       1111111111111111                    
                      1111111111111111                                      1111111111                                                                                    1111111111                                      1111111111111111                     
                      11111111111111111                                    11111111111                                                                                    11111111111                                    11111111111111111                     
                       11111111111111111                                   11111111111                                                                                    11111111111                                   11111111111111111                      
                        11111111111111111                                  1111111111                                                                                      1111111111                                  11111111111111111                       
                         1111111111111111                                  1111111111                                                                                      1111111111                                  1111111111111111                        
                         11111111111111111                                11111111111                                                                                      11111111111                                11111111111111111                        
                          11111111111111111                               11111111111                                                                                      11111111111                               11111111111111111                         
                           11111111111111111                              1111111111                                                                                        1111111111                              11111111111111111                          
                            11111111111111111                             1111111111                                                                                        1111111111                             111111111111111111                          
                            111111111111111111                            1111111111                                                                                        1111111111                            111111111111111111                           
                             111111111111111111                           1111111111                                                                                        1111111111                           111111111111111111                            
                              111111111111111111                          1111111111                                                                                        1111111111                          111111111111111111                             
                               111111111111111111                         1111111111                                                                                        1111111111                         111111111111111111                              
                                111111111111111111                        1111111111                                                                                        1111111111                        111111111111111111                               
                                 111111111111111111                       1111111111                                                                                        1111111111                       111111111111111111                                
                                 11111111111111111111                     111111111                                                                                          111111111                     11111111111111111111                                
                                  11111111111111111111                     11111111                                                                                          11111111                     11111111111111111111                                 
                                   11111111111111111111                     111111                                                                                            111111                     11111111111111111111                                  
                                    11111111111111111111                                                                                                                                                11111111111111111111                                   
                                     11111111111111111111                                                                                                                                              11111111111111111111                                    
                                      111111111111111111111                                                                                                                                          111111111111111111111                                     
                                       111111111111111111111                                                                                                                                        111111111111111111111                                      
                                        111111111111111111111                                                                                                                                      111111111111111111111                                       
                                         1111111111111111111111                                                                                                                                  1111111111111111111111                                        
                                           111111111111111111111                                                                                                                                111111111111111111111                                          
                                            1111111111111111111111                                                                                                                            1111111111111111111111                                           
                                             1111111111111111111111                                                                                                                          1111111111111111111111                                            
                                              11111111111111111111111                                                                                                                      11111111111111111111111                                             
                                               111111111111111111111111                                                                                                                  111111111111111111111111                                              
                                                111111111111111111111111                                                                                                                111111111111111111111111                                               
                                                  111111111111111111111111                                                                                                            111111111111111111111111                                                 
                                                   1111111111111111111111111                                                                                                        1111111111111111111111111                                                  
                                                     1111111111111111111111111                                                                                                    1111111111111111111111111                                                    
                                                      11111111111111111111111111                                                                                                11111111111111111111111111                                                     
                                                       1111111111111111111111111111                                                                                          1111111111111111111111111111                                                      
                                                         1111111111111111111111111111                                                                                      1111111111111111111111111111                                                        
                                                          111111111111111111111111111111                                                                                111111111111111111111111111111                                                         
                                                            111111111111111111111111111111                                                                            111111111111111111111111111111                                                           
                                                             11111111111111111111111111111111                                                                      11111111111111111111111111111111                                                            
                                                               111111111111111111111111111111111                                                                111111111111111111111111111111111                                                              
                                                                 11111111111111111111111111111111111                                                        11111111111111111111111111111111111                                                                
                                                                  11111111111111111111111111111111111111                                                11111111111111111111111111111111111111                                                                 
                                                                    111111111111111111111111111111111111111111                                    111111111111111111111111111111111111111111                                                                   
                                                                      111111111111111111111111111111111111111111111111                    111111111111111111111111111111111111111111111111                                                                     
                                                                         11111111111111111111111111111111111111111111111111111111111111111111111111111111111111111111111111111111111111                                                                        
                                                                           1111111111111111111111111111111111111111111111111111111111111111111111111111111111111111111111111111111111                                                                          
                                                                            11111111111111111111111111111111111111111111111111111111111111111111111111111111111111111111111111111111                                                                           
                                                                               11111111111111111111111111111111111111111111111111111111111111111111111111111111111111111111111111                                                                              
                                                                                  11111111111111111111111111111111111111111111111111111111111111111111111111111111111111111111                                                                                 
                                                                                    1111111111111111111111111111111111111111111111111111111111111111111111111111111111111111                                                                                   
                                                                                        111111111111111111111111111111111111111111111111111111111111111111111111111111111                                                                                      
                                                                                          1111111111111111111111111111111111111111111111111111111111111111111111111111                                                                                         
                                                                                              11111111111111111111111111111111111111111111111111111111111111111111                                                                                             
                                                                                                  111111111111111111111111111111111111111111111111111111111111                                                                                                 
                                                                                                     111111111111111111111111111111111111111111111111111111                                                                                                    
                                                                                                            1111111111111111111111111111111111111111                                                                                                           
                                                                                                           111111111111111111111111111111111111111111                                                                                                          
